00100000000000010000000000001111
00100000000001010000000001100100
00100000000000100000000000000001
00100000010000100000000000000001
00010000001000100000000001010100
00100000000000110000000000000001
00100000011000110000000000000001
00010000010000110000000000111000
00000000010000110000000000011010
00000000000000001110100000010010
00000011101000110000000000011000
00000000000000001110000000010010
00010000010111000000000000001100
00001000000000000000000000011000
00000000001000100000000000011010
00000000000000000001100000010000
00010100000000110000000000001100
10101100101000100000000000000000
00100000101001010000000000000100
00001000000000000000000000001100
00000000010000000100000000100000
00001000000000000000000001010100

